562.514039
-747.016351
-135.750400
108.293869
346.489029
-988.680821
755.127417
617.109564
-570.392297
-236.819473
-167.207855
171.552711
708.644237
622.522137
-167.303741
57.957132
-531.837628
-375.256235
589.402505
-582.997771
32.281492
-617.488915
141.127680
119.073905
174.703294
167.963764
-837.875447
234.931292
766.311674
-36.648926
-717.304554
786.923958
-152.445954
553.326419
958.861828
-510.745913
933.174949
-899.457541
-397.140165
121.757986
665.869711
327.117333
-159.522154
-851.997356
335.916123
886.401134
-547.604113
168.627340
-429.260474
-205.685885
-374.672771
-990.450996
616.365896
-791.723658
937.447246
-983.233746
-414.736475
-104.431954
-972.437640
193.964085
529.346363
570.918736
-930.179879
396.568686
77.366770
810.447483
737.379783
-638.697454
-36.539343
-779.925549
-985.039179
792.717280
574.041191
-22.836213
-816.727600
-782.506043
232.198552
751.075644
503.643885
281.184644
-137.642008
-842.522590
-74.172553
576.303012
-324.486793
31.852820
603.010856
283.449371
-952.602581
798.389312
-89.511067
171.445830
494.581210
754.678263
953.575530
727.852159
690.497147
747.692127
-482.972688
-79.894140
-844.463963
-437.484636
143.826545
-245.025609
-308.276312
684.465215
283.227420
-785.434412
640.986230
528.111769
349.895407
-487.051340
889.111322
227.035514
39.743241
-490.714136
-374.694581
-829.958579
686.932878
999.020987
858.916735
13.509227
973.233201
595.456905
653.715388
330.970245
796.118994
720.504008
3.855705
796.295455
241.606861
-332.356379
628.821865
-504.765638
582.189248
-717.148658
-62.243587
-27.702900
616.523723
-503.322050
-76.402704
912.334202
-303.873502
-254.958485
-198.064270
-40.532245
392.246541
-439.165224
141.331856
284.644043
-209.679270
-42.565188
-192.027779
-878.297710
-512.189237
533.798582
224.109884
-746.686825
-886.373045
398.922888
184.480786
840.865561
10.242880
319.416452
840.747395
552.177226
-342.635679
553.509273
120.202350
-200.485741
824.408006
556.309709
-423.375389
792.852786
167.113502
-976.716929
618.922156
319.480245
-693.114801
-955.122317
238.827811
-148.036485
52.944546
-479.726775
285.907581
-321.715509
-937.724561
-66.143206
-393.115757
28.905321
839.016557
651.021496
414.283002
-772.340784
-499.378609
427.787890
371.881310
869.512947
693.791071
40.353018
493.577509
899.252619
-757.686417
-521.497358
611.438040
967.977948
-925.398306
-576.235447
-416.914298
257.899819
813.700116
-660.701432
724.723899
398.471646
392.028733
-628.863805
-688.302449
844.073842
-588.315935
-239.832013
-690.299421
257.434133
238.331607
171.968003
523.673742
44.438659
948.340869
627.320711
541.948346
-47.616817
299.666836
-761.828475
-591.969957
-238.369383
-259.666203
604.160190
-434.041644
708.873952
306.317269
453.241725
-457.804711
522.925864
-906.118773
-461.238569
497.040617
-777.511484
854.057477
22.863104
-299.288624
944.206595
-154.834376
-684.596112
-208.233723
868.096043
-305.540852
-311.162564
858.988467
586.293618
965.888703
-16.257012
70.716126
393.383457
-692.868242
65.980676
-397.757782
-408.911796
772.566218
912.083400
-652.702717
-947.694981
-962.794029
523.948961
505.950245
507.846540
-89.432557
768.532858
685.880038
105.447434
542.411992
309.095940
714.764511
144.038288
739.185104
356.015755
291.454771
-631.948139
-671.820751
-361.202593
-530.252174
61.676566
7.051654
559.767571
-443.650838
-45.994154
-670.533315
-217.972737
-3.404158
235.993853
413.486891
-248.506677
-291.588938
-846.634002
193.653962
614.415220
-317.198348
145.233438
457.863487
-35.075343
-903.561732
-825.818778
896.662768
780.212483
145.108964
700.430979
566.085907
-342.786585
-73.157926
-292.984999
-421.610056
-527.521189
-145.940317
-927.378940
837.707604
318.150894
-539.065396
-324.293610
1.462123
-923.008796
-425.185949
901.591643
-389.836935
-814.700914
-800.370900
576.409296
982.165527
-716.477165
-397.720132
-360.133503
-907.503405
-471.530066
-179.072451
330.518321
404.737158
220.158104
-763.228263
-274.513970
-565.721858
-655.518915
76.669102
-312.975855
-874.614272
-488.941906
582.004685
-672.689343
-698.936706
-452.249390
351.882147
-396.363799
595.074476
552.596142
-210.508360
-376.160661
653.291757
607.701032
-903.699063
89.149393
-757.386672
477.192971
419.757329
337.582995
-301.389889
982.629455
491.855876
183.150731
-392.476937
-39.819152
-523.133281
796.102637
728.856276
-711.187901
-392.610439
-749.504376
-875.489578
189.959502
-114.531217
765.147085
-400.964310
734.497417
-285.976597
222.105284
620.790549
-491.469883
-996.619451
408.427669
-706.683490
640.741893
276.299921
-990.448202
-591.828660
406.590420
-853.598333
-925.830356
578.523876
219.013764
-142.575530
663.293103
18.087051
-628.817099
628.980229
12.380786
-488.814407
-700.323730
-265.058672
413.026939
915.794364
-96.147063
-481.654869
-467.947942
2.256619
-239.732793
16.220885
334.654575
-187.499058
419.705123
-886.678358
-265.898636
557.993497
111.317368
199.912859
560.705531
664.258170
-35.016893
90.701841
715.845576
-384.875055
26.338403
261.497755
712.400433
817.583736
994.144299
399.109769
-999.258519
390.758602
-621.106554
812.879187
-80.434438
-957.266387
86.973950
152.598850
864.443560
500.061287
384.486350
-737.465284
836.720369
-139.962726
-626.494443
-665.005417
-551.743550
523.679091
-58.202611
-806.975926
-269.506104
-904.775543
579.059966
532.702010
-706.415182
-125.109220
-404.952455
499.247329
15.756951
-926.020707
12.965123
678.808973
-647.508181
228.125216
547.243137
400.123271
820.738121
843.919488
-494.842159
71.929380
674.882930
196.489539
523.516708
474.921611
702.071340
-960.832676
156.023582
-972.060063
-572.170771
355.327280
113.406806
918.659314
-181.954877
913.049668
76.470846
-805.163789
-818.179482
-870.343045
94.868416
-767.539433
828.955921
147.819702
985.228545
-657.924086
90.349092
-160.912496
273.086283
247.041045
-369.310814
85.797969
753.874874
-865.727311
601.243486
148.824489
-188.144591
241.876783
-891.104023
97.348071
-371.388120
132.680541
921.319449
-61.098657
-353.094770
740.175342
-228.758496
575.022738
-444.851332
-667.679589
747.277812
-238.286761
163.340910
319.876947
-892.112461
389.122872
410.773387
-569.264169
522.259324
188.873002
-662.897826
-706.916541
85.551082
-602.126990
865.809135
334.388394
597.388872
109.792726
433.516383
300.777839
-57.690774
21.217787
672.852143
-892.292569
-179.317901
734.409391
468.214281
-521.049679
-336.274276
-590.128366
526.068421
-11.868132
462.460891
370.947695
-527.021230
383.912473
-752.311918
-35.762156
-373.301879
-900.196697
-349.094928
224.544676
636.353758
552.292667
275.764146
-631.999202
-218.575594
-663.566340
-441.524963
-767.999813
-530.766481
60.208938
-700.087498
-450.843458
-656.181189
-863.175617
-494.870462
755.115749
167.024954
510.806590
584.966656
584.242277
-269.078511
25.263223
490.957747
-938.360414
-940.372879
-710.242456
-175.173081
-913.650469
-262.307841
-946.058000
383.352996
800.467008
-232.716103
-10.981618
-619.486745
-683.689835
-328.553102
-130.302567
934.111940
-246.519977
-692.598987
58.525457
-215.346219
296.156076
529.912937
-198.983447
118.361450
-65.146230
655.465849
-701.232419
621.223991
925.975337
-923.434243
526.792566
-213.690347
294.115950
-785.470544
143.920275
-206.737478
172.682879
-864.971315
849.613395
461.700996
-960.382596
-465.615914
-612.519542
-779.152149
-115.713726
-726.702458
-951.391970
222.063240
770.533578
157.963216
368.932460
57.914469
-899.977657
-584.386624
742.958411
109.556129
-33.003989
105.454427
887.541387
611.366746
422.761066
234.469976
909.406182
-13.331838
972.194597
181.245996
143.261521
161.335354
-34.963285
-215.861361
-127.274545
-180.973666
312.468094
302.215630
-746.798915
192.503888
-658.763061
-871.124548
616.850315
67.588907
614.457359
306.078136
400.982586
-382.571334
759.356155
-392.126500
862.552183
589.373068
-913.057813
-130.649267
314.749221
579.751166
758.233875
784.475506
745.042990
-925.146471
668.865436
-416.508845
394.273105
-423.839467
-855.240923
-387.392244
-17.431897
5.265972
974.563538
419.276302
242.638905
-646.832387
661.001409
725.389429
-972.753288
-628.347531
-170.263420
706.977834
780.683534
-798.638419
111.488958
-516.401280
774.219060
737.553947
343.009767
-795.392645
-192.855170
-737.393694
606.767736
-400.001288
633.973180
153.166997
-63.235681
659.535633
27.425991
596.893868
44.208845
-646.222085
-263.726334
416.633160
219.651808
-943.677015
-185.877493
56.008371
826.209056
-756.683604
787.735124
-15.691460
971.707298
-717.351646
-279.615545
116.844053
-490.507839
-225.020644
393.631425
-980.583558
-143.382580
401.024119
-984.628217
857.210884
-82.549399
-676.066158
-852.225815
-587.604993
-257.099196
390.621123
-778.699425
-485.624994
703.149755
455.199253
193.144788
-254.947141
476.271045
323.482760
-670.048185
799.659868
843.121379
-716.928324
977.652972
374.333712
870.026893
192.525162
-900.976130
862.110493
752.179373
959.655915
597.649255
463.522269
-526.448991
804.637182
-632.293734
321.546724
-857.400743
481.502151
868.058477
913.581572
627.359551
-379.822230
647.866666
811.867045
-83.294395
-575.856964
432.228472
-655.634743
-537.712886
363.502942
293.202313
151.835583
758.588710
580.380356
327.273707
124.438167
-277.800036
716.775873
-656.523741
-221.662639
824.507110
91.746051
47.995069
-166.246513
-710.574789
277.550313
-920.353388
-691.836543
398.571678
-744.187167
363.765075
408.737055
-345.248746
33.340277
-988.494849
979.299162
-82.723945
-25.704708
427.413350
-67.413144
195.126806
909.561959
607.102383
-286.081245
143.746538
-360.090085
-596.656436
-687.873429
-852.222437
645.613801
-651.563862
-959.689367
-456.979506
-433.751697
926.338974
879.682364
-765.645027
385.720139
573.076626
172.234261
-659.580147
650.978205
352.016188
54.589856
69.779101
-549.194774
-810.106903
-191.790504
-827.905639
100.645277
-708.987703
204.215270
875.089369
779.186727
658.611057
772.583555
978.826193
868.427423
-804.580773
630.851503
-31.008664
379.241012
-441.832094
774.296745
439.870137
-338.455735
495.500188
641.799379
606.254108
-997.404490
612.078915
687.146097
10.169031
561.925573
421.474535
-395.562439
563.462204
90.580964
153.323474
-961.130066
284.121732
158.917301
-757.943411
309.759914
510.079091
937.149942
320.160685
-366.559451
345.329088
-56.691068
137.577697
-729.095729
-441.064072
-299.913650
-217.003503
842.284750
403.161608
846.905769
312.757406
398.213160
-947.063205
-232.278058
-317.523737
922.987048
427.720594
21.722407
524.646127
-538.376596
638.922323
-254.214336
60.311674
620.018207
717.587366
-796.273155
-892.620065
452.608582
-858.893232
-262.273607
175.918582
807.724385
-871.987031
160.670713
-569.188274
-165.236440
-942.495751
603.765637
403.421396
-935.214543
-979.718745
-823.083725
-980.902570
883.490774
846.680875
877.066889
-901.029290
175.728857
-105.712553
864.954589
-691.584847
-411.279417
-544.401103
763.562175
-258.365577
434.910627
-600.206287
-125.215742
767.860862
875.078949
549.449324
-402.544179
-72.381636
905.805830
-371.771481
-763.167642
-236.216443
-335.292445
77.253570
-852.213907
783.704059
407.490363
-682.646927
670.947485
211.885581
-357.380895
518.800942
716.629103
618.187631
-218.023893
-839.974525
459.025314
152.225278
855.528541
768.881054
17.139952
-32.350758
581.943752
625.938556
675.687239
-201.172938
-874.322271
-30.950756
53.057980
104.166808
-893.770332
172.251738
813.639959
233.283254
609.707753
896.659294
-130.041716
216.270306
-516.816607
-708.724923
284.364095
526.154986
905.637217
-23.237103
-785.191048
-69.434959
-212.648720
-805.213027
-864.626375
-721.418311
521.731642
-781.879091
-473.351705
-243.533806
-725.351306
387.573185
-84.739154
-125.537156
-75.079262
-891.031140
167.355961
-46.096430
-504.384990
328.654646
510.982557
39.513658
12.594576
542.954009
724.175647
-755.651566
-491.966343
-581.213080
439.063538
269.830389
25.370705
63.847264
566.178400
444.719241
-50.460533
807.411618
980.177825
-788.981285
-678.805929
842.348662
-529.264639
-696.778176
79.186184
-52.635373
-701.636615
-844.336522
524.840259
104.436008
994.447273
587.942683
-394.766683
-577.406287
379.945432
-556.303624
588.412482
457.577128
-39.627371
669.579574
-310.088930
-371.428239
12.661105
742.007346
-654.849944
-843.941543
760.157339
-250.394001
-540.264779
159.673225
-395.807645
-6.829258
503.906329
448.020813
662.509936
326.993801
-486.088166
-376.503931
-771.808478
-473.382653
-891.790396
-525.765123
-512.545105
-419.702158
825.070355
-967.836384
-6.223206
-623.225763
523.824703
-419.838673
68.963168
-880.780096
-261.271806
495.881140
-849.799519
803.084554
-196.332035
725.206707
-426.194666
948.313755
368.333124
165.586376
-164.206939
779.040524
871.989090
418.391168
440.229849
-610.973121
678.804019
-510.093926
-148.609400
-918.239483
544.414164
869.398030
50.747366
-700.569222
1.510281
-734.762001
971.566552
237.489075
-708.955181
942.309237
74.660802
-422.617682
11.739984
179.241589
105.281370
-937.126951
-150.804425
368.947763
261.700562
-618.534953
333.560452
100.788738
-889.182729
59.784410
-906.898197
297.690594
-882.146977
360.094881
-880.351374
-356.349813
303.389389
347.157638
-541.719734
-130.239318
553.004231
316.279963
904.348523
717.023167
266.543919
510.939516
-92.953175
121.256682
398.050413
750.484503
678.146502
-342.487351
-696.518128
-188.821908
147.172559
435.405646
996.933500
-2.730033
569.281824
430.476726
55.060317
-625.748007
-201.348747
279.045607
970.336113
-544.820982
-232.061055
-540.610310
717.128126
-924.605278
983.363760
663.972521
-130.603614
605.397753
-287.200748
-443.985963
143.761699
67.339305
-739.584792
407.076265
439.798082
-951.646184
19.782894
-58.065293
18.498415
-196.053234
-822.793125
906.259776
701.024818
866.599740
-807.197100
-426.277028
-116.982868
-555.327272
56.397921
-833.952865
731.762585
-758.158965
959.793217
148.689174
-134.232766
325.994131
-101.124636
-558.370167
204.231632
-91.837884
640.494663
-451.711965
-943.335321
-419.835365
-231.076536
-55.227017
-844.088117
872.781980
640.994837
700.052739
656.894391
723.975740
-301.653540
362.739609
374.515167
864.396373
593.593247
-726.272698
857.321840
-609.595637
-442.876991
94.673090
610.276115
-792.914115
117.028278
441.178802
26.473526
-288.399979
-798.886025
418.324808
-445.933853
485.945350
437.907921
491.699367
251.276132
274.948307
529.859322
-599.365563
278.606766
-433.992389
100.039135
-855.199692
-169.216940
573.336427
140.357482
-893.577638
912.747223
-147.244584
-205.646979
619.310622
866.658668
983.566458
-184.788853
-459.531979
674.003990
381.041954
-917.045156
336.680963
-15.960925
867.415778
947.821258
-71.625297
-963.015100
479.445400
-422.550291
-651.002929
-321.849986
-222.119372
431.024152
72.840986
74.627132
-412.449570
-873.127616
364.973232
-440.135907
263.056403
381.074295
-960.859111
780.919864
-812.736399
520.574695
265.750969
-420.326899
-909.427433
766.414192
-29.240789
324.936647
-340.337889
938.631487
-315.080766
-443.836383
-557.901381
143.370930
-380.614169
67.829821
-491.973611
-947.547321
-146.916469
732.618662
283.229565
-137.482210
108.200977
808.883331
213.738745
968.948858
-246.764894
0.169720
759.558465
-934.296514
223.292214
752.123907
-297.182938
303.090975
731.281982
-847.875789
450.921133
448.884992
806.675851
657.526042
-760.241379
-319.184729
-609.673195
-827.343613
-687.996466
-888.531383
449.763227
595.190700
921.618925
711.383441
-128.884281
93.782258
-405.900259
-711.762629
-524.657367
-375.897294
-703.079966
295.406493
-889.964825
-92.218566
-144.172324
-513.481923
147.839494
-944.825042
593.462727
79.488235
-925.484130
723.434712
-619.384578
699.822902
-307.107123
-206.609416
65.736945
-165.794283
849.007879
626.814823
-539.484914
8.335371
524.646267
-14.323123
-194.208942
-33.895334
181.486273
510.087715
-324.621524
-378.905332
334.745197
-617.882872
745.488619
-547.439069
-903.654698
-938.151898
-766.979888
7.405180
-918.355694
813.315261
-814.140414
-384.906612
759.450766
944.169294
92.030961
-655.406544
-10.132140
-276.036579
650.418228
831.573621
-758.488358
897.980077
823.626704
-670.265037
-529.617852
830.566491
-938.806924
-123.304285
-766.850011
-810.136264
628.836946
882.235058
761.893093
-203.117977
-442.349304
762.799677
-22.646555
346.314337
-588.262025
82.388948
732.260220
379.559037
-561.800183
-42.552302
882.869319
908.583407
-260.574774
-244.291693
292.163724
-550.169805
-473.347454
-644.119140
450.275506
-836.850530
-134.652098
358.543978
-192.456312
877.008346
-267.473771
-712.703924
688.212164
-116.025154
-112.921499
916.040753
-932.927918
-765.257231
-11.370117
-98.593663
886.923561
-445.389345
-747.329803
-865.743890
325.879715
42.763562
-321.731221
41.985351
266.033666
-240.010517
-207.236505
424.273693
334.798484
-565.957583
-973.407234
-432.747321
-678.128132
964.679868
-391.390083
140.114960
867.300069
-780.349307
-642.031150
-479.739764
800.911399
-601.692564
-768.134791
-816.000333
-424.733507
-290.568069
249.730571
-132.972865
-791.025597
221.709231
363.547741
-479.830672
563.725454
719.224193
613.836817
703.515907
174.235662
962.186467
128.358551
110.196574
529.566715
-448.243860
273.327299
143.481331
-41.430350
-608.614908
-475.273110
623.725482
-487.274224
257.639777
714.436991
457.423178
-751.521279
-732.681886
483.769650
-161.017840
589.362309
-347.753024
-257.101472
-277.077856
758.666548
-50.225540
-162.221093
887.181959
-881.421641
-369.174926
-856.030155
678.454094
-445.852566
661.726287
-755.443468
295.193316
-94.668153
-648.044151
125.410088
-76.944591
-938.896740
-908.117842
-404.546672
-768.620241
-885.005301
-48.899635
544.430763
474.360987
253.428093
-488.221953
-246.969574
391.958144
90.105765
-29.472386
-199.393501
-106.205669
97.293640
-83.593424
-856.363183
94.530428
-906.544102
-947.480822
-764.762327
890.875773
-419.354625
333.318530
249.477320
-278.744305
-355.940477
-369.378953
-741.057889
-878.008154
318.313608
-785.237551
-579.325136
138.131191
403.772474
967.387952
-19.156823
407.840267
965.623724
172.875416
-911.021951
667.038581
-234.896120
336.278102
922.770299
-639.264934
729.455793
-937.531862
-176.647172
-14.093351
419.563377
-99.203504
333.725249
569.078782
288.512798
67.580768
481.634510
-632.492788
752.239929
-327.054254
768.483626
-325.440082
-53.856231
-406.998385
193.381493
-985.604001
-784.866465
-23.634964
82.612588
-735.044883
379.932020
-488.068611
-570.903072
-16.609483
-512.770416
878.106798
-2.554116
-801.974624
317.884447
-696.139857
833.447382
-75.275161
546.155265
403.698354
-540.782356
814.399171
993.405478
-561.767597
509.877973
-859.271438
-373.273865
892.365182
-223.812799
218.223534
795.324795
949.050320
134.731833
409.364748
53.487967
615.010172
704.399392
-620.864314
-611.249143
869.954281
-920.798275
-723.531182
-403.116965
515.757736
249.280856
-815.692070
82.392304
-693.404069
250.650306
867.849025
-971.541152
241.746529
853.481650
625.760862
521.129494
-667.301390
591.930643
619.964157
574.967364
-595.825161
-204.250602
90.911749
431.385438
641.320209
114.515897
-27.007295
-872.798501
-438.351874
-393.880899
382.216944
400.238092
-76.651527
-574.548050
-809.221684
522.396346
-477.663462
569.830195
294.552362
604.211327
802.662220
-124.817858
490.727723
173.990953
-121.265438
846.511588
-291.682098
-678.719011
178.870954
814.913293
318.797164
-319.706864
872.264021
411.201969
116.033335
457.884668
-764.048358
-411.734668
-743.938023
199.625956
861.719467
90.286200
363.561503
-969.593178
-830.429459
639.328536
-542.768362
-861.549762
86.746645
-770.792726
637.301363
6.768583
-863.256883
886.077812
57.385372
856.064689
827.460302
475.263355
-423.365432
0.072348
171.689434
598.083351
-901.769754
992.486866
558.758636
-379.367555
846.819887
614.279597
-695.288300
-262.938652
-706.832410
-912.646746
83.358372
850.609396
179.938735
433.724856
130.486814
-975.513142
150.450707
783.518026
493.669333
146.436404
341.185430
-998.638533
-923.145766
805.285333
-243.125369
-57.897557
413.958222
-61.658861
-991.812872
803.032755
-816.291223
-7.926673
825.503606
970.969516
-29.851320
467.736667
-0.483024
-288.579019
-702.719369
444.475638
971.326908
-725.551843
728.685200
-389.616347
-986.029735
365.159595
-917.057086
-430.778012
-499.533838
717.543100
-349.899778
-201.837469
373.514242
-715.288050
829.629199
-847.047162
-839.349594
-394.038705
421.613001
-532.164303
682.012717
-715.714520
-400.563643
556.295266
-352.421372
-976.148065
-393.896878
-572.780214
410.849397
-711.749139
-463.066756
736.983793
-461.389450
-493.523398
542.972875
776.408464
451.597816
601.176574
529.364320
317.989333
51.536298
296.752206
-253.000173
407.759332
260.536266
-665.019510
198.651926
-293.336932
102.371567
-201.678513
-126.685026
543.436617
759.539580
835.549608
-215.460664
-532.214443
-364.338486
647.673000
-817.730024
282.922247
-20.253742
-426.946265
-416.132549
294.647050
385.522731
-869.179168
156.542369
539.786166
-13.495898
-771.165952
322.353275
35.613532
181.987153
-522.714307
-537.190450
127.644920
981.275613
407.928966
161.444932
-518.074367
-635.738469
48.920472
322.929612
-964.016431
778.538180
873.599635
995.283373
318.509115
55.158665
-20.683041
-318.653134
668.206421
-343.252228
344.940644
-702.300535
317.442862
33.805472
312.262423
-75.006473
367.102777
-143.638399
419.915808
-568.882327
-428.117176
-615.117729
981.431874
-514.285647
152.369702
799.995390
-441.346545
-915.986043
-17.220641
-1.975041
-247.139812
538.475357
775.898792
-784.827641
-120.579096
-554.292551
643.390806
-662.487612
-894.170510
-249.253142
-121.647099
-887.982709
4.116413
-851.873969
436.230128
-221.058566
233.074661
-570.966746
213.558468
550.259197
-125.764214
-787.095234
305.481486
-564.674806
325.250594
578.643713
945.789137
-579.077134
-226.383519
193.678972
-56.943468
653.234272
345.208367
-781.144026
616.922572
-593.032062
-441.650826
-692.597618
346.271916
911.542881
-229.290240
-757.666049
730.716362
-304.878153
62.056119
-104.755567
-649.360353
-61.006924
311.219879
-261.336433
-306.720131
657.382653
-476.935137
-751.694378
141.831940
-829.545625
-451.116858
755.535985
-272.895641
261.339874
564.026084
635.709357
-118.430374
-367.441251
83.971104
-499.707492
882.730724
-494.442054
-455.396158
-515.429592
109.882422
-999.608306
-589.392333
616.243365
95.064946
-863.185033
-163.378838
864.388354
-758.640862
-600.679716
158.866937
-659.205513
-814.472163
-94.207255
-516.567112
325.734861
-599.827157
171.770514
789.641172
-485.186799
-377.290074
38.828051
769.002375
-264.902854
765.452479
-275.178361
500.983552
276.806099
272.541011
238.502773
-376.900538
-58.784458
-585.381715
-562.959590
-306.031596
577.323840
179.104296
182.373569
-749.905410
446.685590
839.974662
606.817175
-510.141287
-67.813946
493.159397
-998.566223
-980.865396
-74.765673
-644.921982
566.998658
-589.060136
894.866889
226.835363
484.631027
479.883277
154.247226
932.313286
-84.410034
-366.385437
-688.965861
-522.540176
317.905785
258.331458
-803.475511
