-0.136651
0.247150
-0.179847
0.025568
0.288877
0.493616
0.221732
0.054524
-0.085580
0.113650
-0.074632
-0.271813
-0.091392
0.157078
0.194167
0.418510
0.069780
-0.290469
0.086084
-0.016840
0.264731
-0.083036
-0.197251
-0.171412
0.024452
-0.036526
0.052858
0.121827
0.067291
-0.101780
0.184097
0.043990
0.307040
0.360539
-0.024161
-0.236017
0.109340
0.199482
-0.207436
-0.617985
-0.393673
-0.091965
0.334675
0.077465
0.131448
-0.241147
-0.215144
0.171495
-0.204478
0.086520
0.129548
-0.657093
-0.319173
0.040362
-0.223125
0.292957
-0.083161
0.107976
-0.285245
-0.261358
-0.054348
0.276821
0.036949
0.032894
0.058617
-0.228502
-0.639061
0.272444
0.021352
-0.270003
0.052299
-0.094146
0.141480
0.297588
0.041196
-0.157710
-0.072949
0.120744
0.517706
-0.135949
0.228972
-0.179472
-0.086803
0.022014
-0.212229
-0.074556
0.153406
-0.141729
-0.087364
0.369174
0.327715
0.220286
-0.033389
0.460531
0.081139
-0.106972
-0.095864
0.116321
0.060267
0.403557
