822 81 -381.629759
1019 62 -686.819649
111 75 679.119687
439 3 110.240804
1911 28 -231.802247
110 50 877.912352
392 43 -8.434224
657 15 582.658377
814 3 -491.725686
895 16 51.975193
648 40 -760.540349
261 70 261.344185
617 41 -620.062297
99 40 281.069043
1941 44 846.392321
1190 88 870.474934
571 34 328.699808
993 52 346.125686
1096 69 357.312859
642 3 217.890337
505 53 -649.871069
1281 31 191.835846
27 7 -91.652383
225 23 -795.893843
1741 50 40.143525
1458 45 -212.262381
1788 68 976.116870
1229 75 672.135800
146 95 -903.266714
477 47 708.452546
1142 41 -739.772843
1296 18 629.495608
1649 75 -225.952893
117 39 385.460773
590 48 -403.676138
1345 64 -27.960956
677 17 -6.830971
94 99 -440.353508
98 53 -131.375113
48 23 368.539958
1199 8 -10.561805
1268 44 -164.465958
956 62 709.975309
1691 80 920.560941
1539 84 940.832384
1824 47 -598.712896
1208 58 885.145189
927 41 691.448651
1349 38 -466.074141
967 39 -153.792220
1019 49 -384.051634
1170 84 252.644343
1533 91 969.562967
1371 37 -693.288787
1919 89 -642.342919
834 87 391.284059
430 84 153.597072
1283 46 218.110598
603 68 -671.235624
1962 32 -796.794794
17 94 457.075147
683 26 -514.909443
1741 38 -354.916234
775 75 -288.966937
1242 23 804.428822
644 63 730.390115
1921 43 -842.062535
937 34 960.645772
963 17 182.075732
1928 6 317.863661
512 96 -269.837953
895 46 867.650085
1126 27 750.172719
584 1 568.299312
480 87 -474.401309
931 18 -732.383618
194 96 -317.340581
1269 30 -739.615914
955 36 -764.940645
1967 41 535.103798
579 34 365.209985
1576 19 -357.963339
474 32 -282.893548
669 60 -386.063229
1163 96 -733.641809
316 21 -234.365227
1669 50 -409.688088
654 0 593.221690
54 54 -217.996498
1986 53 -215.308772
1829 19 -31.288962
1731 22 397.240098
683 80 619.834504
722 36 -926.439456
107 99 -818.392435
735 49 -643.231846
751 59 177.382226
1192 4 465.212385
50 26 -142.761386
145 26 190.958228
552 53 -694.322046
857 15 375.848406
737 25 -216.849359
1668 43 252.653831
663 14 159.292638
363 58 -227.288024
1102 24 -179.261053
142 17 -239.123820
428 30 -209.659298
1341 2 -562.590994
1570 5 -202.541433
1760 1 -543.323638
1010 54 280.105425
175 5 274.155411
1966 63 116.833844
1456 35 -944.378802
123 80 -623.041956
96 55 954.358678
862 34 -767.151227
831 46 994.230495
719 29 556.193533
566 81 240.780312
1841 78 511.409079
1161 76 417.578122
1845 33 -928.951734
1067 43 525.131426
1132 70 493.640771
842 18 413.921026
135 94 626.742319
145 2 736.460540
1365 97 903.996537
349 4 -884.358037
1749 89 25.493508
1555 81 -606.219452
1370 22 -101.289235
1940 99 -282.893712
243 24 617.360879
423 88 -747.818632
792 27 58.612856
1112 59 3.817510
1776 28 -901.019342
475 37 -654.186600
1437 37 -490.509168
1422 22 -397.252868
233 44 -693.367379
946 46 164.843863
1858 38 -141.942878
710 8 970.354341
949 8 -735.309964
347 18 943.693086
334 48 -476.184562
1844 21 -532.030407
549 2 -98.578080
1796 47 -6.558750
1164 85 -4.631412
1213 38 913.173036
556 46 727.194305
489 48 -281.355689
217 8 -401.100801
1452 74 581.047777
553 24 -385.628354
1385 60 887.380500
192 61 388.020720
1268 53 727.946134
1851 16 967.476015
590 48 573.051193
856 14 -747.903158
1870 20 313.608878
48 5 -165.782908
86 46 -528.275710
1895 28 876.652956
1298 67 403.928536
514 93 -479.152245
421 63 844.318908
84 76 -271.160542
648 67 791.876110
895 94 270.328367
1855 5 -663.346041
751 71 355.919328
859 20 -911.166417
16 44 -842.087464
804 46 851.573635
150 61 -537.758949
382 13 -126.211793
440 33 780.338835
1777 93 -734.334913
1596 5 -737.388207
410 91 835.173989
493 96 660.355241
1472 32 -700.945425
963 91 -37.678075
953 68 148.458464
1655 62 555.666188
15 5 339.660809
1527 77 -158.835263
1373 55 434.353378
1949 72 267.369904
275 45 -902.930170
175 67 -561.294860
1574 69 -136.101904
1478 59 745.775208
606 2 944.030452
669 81 -422.098921
495 72 337.148215
1093 44 877.490142
172 54 -237.689861
737 58 777.046444
927 71 -916.376018
1987 61 -862.380705
1572 96 -337.779508
577 30 -121.086972
1198 79 720.464166
829 46 435.707448
713 99 735.811268
355 99 -916.916556
209 20 620.421393
943 85 -332.343797
1194 61 747.138497
794 56 71.536780
621 14 946.540768
1390 19 -192.443812
1020 54 -223.334547
1254 65 609.945494
784 83 546.968906
1328 91 599.179499
135 41 380.226370
1460 17 921.983673
1830 68 -167.542141
1472 91 -214.283254
946 18 -652.471372
479 83 -562.789230
269 96 780.243479
692 16 -867.520168
1024 84 -925.760996
541 23 -562.967086
677 93 -89.595972
1098 47 232.154202
392 47 -755.123276
1662 94 306.554643
1476 2 -731.995939
1329 39 -714.152573
772 6 354.029383
967 78 362.990181
886 69 -900.201832
1491 81 900.397648
1809 56 975.188330
256 32 880.890555
361 81 424.244361
703 20 -403.273393
1297 55 104.322941
1342 19 -791.632413
1923 94 -571.533905
1559 56 989.435599
638 12 880.697479
823 38 321.745111
1996 18 493.181318
1989 65 886.508539
464 82 -533.760425
1311 25 -377.576546
1712 40 195.401024
553 36 -414.244077
432 14 854.545475
748 27 440.991635
1386 70 933.238633
1843 57 -984.391685
176 8 657.309522
1975 35 -500.032698
1303 14 -352.715238
1073 70 -632.763685
1454 67 924.677601
1116 67 572.414839
1459 95 -109.517566
1051 57 -287.460433
1107 98 512.019619
958 85 -978.367053
998 79 334.442543
721 46 586.044994
1772 54 685.090622
421 49 -435.697920
1246 4 997.966672
163 67 -612.915077
20 64 -494.162799
142 29 -343.808160
1507 58 -42.977129
851 69 365.261152
1567 44 648.620205
1928 24 -747.937796
403 57 -545.310346
1021 15 -280.219876
1203 27 687.278815
1250 22 574.350797
1455 76 -933.835990
1840 55 -826.736721
1820 53 192.466673
613 30 -438.268241
518 94 698.153009
627 80 -995.543868
414 47 298.928558
1763 88 -849.326139
161 88 311.167989
21 45 885.049464
1179 59 -833.806685
331 70 322.155755
1953 55 683.708816
922 70 -369.480936
1915 25 -967.380971
285 46 -455.204171
518 46 -56.431910
1688 5 -143.233547
428 0 -901.090763
1467 72 242.311439
1303 48 -66.920660
630 76 -697.963398
199 57 -452.434400
1336 2 933.465530
1298 44 -92.623857
473 61 839.687501
128 30 736.837598
97 26 188.105983
1756 59 -310.751972
939 63 282.419877
907 70 306.266036
1579 35 844.152723
805 63 208.695452
1468 26 822.708305
1171 53 -841.902405
443 20 -989.692652
337 69 -687.029474
56 92 -590.262222
237 11 -830.188841
1072 61 -608.222895
773 51 -639.958202
333 81 -743.199836
476 17 35.978902
1704 85 421.800969
548 29 -899.985123
816 39 -969.140120
961 46 230.933786
281 67 -520.939602
1661 72 828.191709
974 17 -259.010603
1792 54 117.095734
1411 14 613.727775
388 59 357.296738
245 91 -296.058143
1385 47 -230.445342
554 45 -964.776205
809 76 240.100584
565 62 466.060011
423 7 -671.479581
181 3 374.879427
710 65 605.744090
853 11 350.016034
853 38 905.332040
1471 13 836.063647
889 59 638.708379
696 55 257.207750
1456 23 907.093973
1544 31 748.171619
1825 16 472.140241
1479 40 -725.415644
650 37 251.011177
1672 11 -323.116625
949 5 -431.944896
1434 81 319.753071
1182 80 -436.352973
1090 13 147.820216
111 79 272.561957
1148 83 570.322174
1661 46 -313.695511
1949 45 679.354629
106 53 -384.391513
195 88 799.830310
117 42 -917.724887
4 23 85.347183
1785 81 946.743072
1683 28 468.441566
1953 86 -684.264107
9 30 277.061600
461 68 145.401079
1394 64 530.399535
335 9 -797.029296
1334 57 -42.185790
1454 23 -276.097522
28 5 674.541222
366 53 83.455598
615 2 -28.774906
1155 34 703.869727
1474 28 -639.114008
1774 34 315.946385
1410 20 478.946396
1174 88 -525.864730
319 67 -185.572474
1545 75 -528.744117
1820 3 -857.705020
496 54 499.478349
38 29 591.650385
1595 51 623.748007
1786 57 -416.550035
992 98 568.718062
762 1 251.553430
1432 40 -523.394193
309 71 -851.384137
776 10 780.852260
1341 60 491.743026
533 32 -930.976457
1431 5 -110.848040
1148 47 100.232025
131 71 -250.744654
925 89 -861.854471
1970 33 736.712048
1690 37 245.990808
62 91 195.657590
1940 74 178.356136
33 47 602.848377
1500 62 -642.587768
236 34 -470.619503
1579 24 535.707835
57 16 598.839923
910 21 97.736714
599 99 -688.973792
1594 42 -97.373919
85 27 -107.727255
821 6 -583.989822
107 10 573.081538
516 84 -329.624844
149 80 699.910682
1810 99 626.177238
261 90 685.977685
262 63 583.501044
214 95 458.187223
1648 98 768.423319
1418 36 684.611382
731 20 -205.244785
1622 71 -637.467493
256 72 -917.054448
1623 49 794.765755
1948 66 489.314636
778 6 -47.007706
1837 31 -886.058477
738 13 -321.129411
1671 53 -598.061387
334 79 85.642533
327 8 13.541069
1655 60 -215.123189
1406 44 -133.618299
1342 82 -264.823237
1029 76 -3.304932
1806 39 -747.188287
1948 29 168.538780
1133 30 -124.421144
1249 55 430.621768
1442 20 631.303223
317 75 177.565236
494 47 -846.217450
1954 40 -356.181465
24 24 -902.139557
989 62 341.037117
1580 45 -615.391545
400 0 813.896702
988 11 -708.818567
982 96 -248.690643
1734 13 -417.733492
553 69 296.114721
1918 70 -723.815561
1146 87 -785.797294
136 83 -316.045804
197 13 402.639285
1486 75 -531.891799
162 49 973.003448
1880 44 782.540406
1853 14 626.496338
1508 4 722.163905
941 23 -589.807820
1382 30 23.656095
1735 70 -218.868214
1059 3 -113.155546
1056 85 -920.872579
1269 87 378.694428
1691 35 -400.610346
530 42 245.884683
999 75 -861.424587
357 4 285.252978
1167 11 -622.092560
296 80 -182.797931
1911 51 314.613808
1143 9 -809.368493
1405 24 -612.502820
1034 17 518.545648
1977 80 -474.085653
16 16 -499.695011
1372 36 -200.821657
1365 94 -451.698673
793 22 102.092830
388 15 -936.568316
1276 11 -558.670317
667 10 -903.147510
851 0 -105.879058
584 66 950.272358
756 89 -347.935945
600 3 -964.831891
1279 88 389.033972
1295 50 -220.608689
1668 29 -816.661743
1646 83 -136.900623
652 17 318.368684
1738 11 -600.975835
1035 28 -357.375694
393 96 -997.422116
1009 37 610.387928
178 9 169.542798
1745 54 24.783620
1216 78 217.815676
1992 48 -717.335092
202 80 838.593000
879 33 -206.732218
1022 64 -923.954572
1524 98 801.702737
732 83 -97.316068
410 87 -665.980132
1953 33 626.797573
428 26 -600.610443
1608 10 638.455529
1546 31 981.303211
368 74 -576.169855
633 63 365.708957
1931 81 623.657124
275 14 990.112999
68 41 430.712218
640 28 -670.817093
1713 27 -555.173635
1769 75 260.665194
281 37 569.452222
1615 48 -805.615918
814 6 -843.568373
1728 66 904.515154
1860 70 696.993225
1122 84 2.617960
1190 94 421.022709
1157 27 824.722468
650 15 -149.330576
927 24 262.182671
851 83 566.038921
1391 76 624.762876
1067 2 -170.458513
1038 8 -732.243601
826 22 113.112204
87 86 -661.900210
1670 11 153.262814
159 11 767.116026
1467 41 106.324873
1280 99 198.240170
1411 77 -936.009685
1607 24 534.126329
1940 74 -79.650071
337 40 858.114998
730 6 -431.387829
1037 82 -391.185695
979 27 -975.723078
1155 24 811.122293
618 75 -862.447032
1192 71 -171.790725
1195 45 952.475383
1312 71 358.805186
1902 2 -681.885588
1028 39 -640.360142
565 34 613.203291
1764 64 -417.206091
1289 23 591.946014
779 85 -667.789220
226 88 -548.725462
1112 89 555.404557
1048 98 650.736091
956 8 73.566519
374 0 -198.075190
1045 10 849.005242
884 2 -669.624588
877 74 804.242678
1623 79 -444.667095
1965 52 632.023857
688 85 -992.843782
54 49 436.945215
1478 45 -721.247020
971 19 -664.902264
1799 13 -219.771692
1510 10 997.200757
1981 60 525.356761
1636 49 -319.473675
279 34 -587.823725
1724 20 -396.276922
71 85 923.495242
308 0 505.413447
1608 42 919.270139
1067 3 409.347623
1074 62 -981.417619
638 13 760.933030
913 22 663.170289
1464 27 -237.332816
193 22 -141.460280
1437 48 322.149837
280 76 485.298828
163 58 -762.229340
988 22 300.012514
455 74 306.864784
1753 56 -104.696877
252 69 -732.721825
1813 47 626.076441
1312 95 -830.164214
6 53 -59.528282
770 83 -102.134466
842 82 -686.959238
1467 6 -262.186339
1444 24 581.828702
1257 47 518.628808
1924 6 -505.724173
360 56 -878.533118
160 99 805.663802
1876 70 241.003636
599 57 591.720660
1003 42 442.654216
74 60 -876.619098
559 59 266.422540
421 14 -819.494810
620 36 -905.212279
572 69 -951.752796
577 76 114.683290
420 37 -629.900008
375 90 -222.723024
1451 59 -196.304608
1742 26 797.747877
806 58 -868.554098
226 84 -507.000308
1100 74 -121.633865
1126 60 263.057890
975 45 237.432953
60 9 268.856568
446 26 61.729589
117 48 -894.597904
1097 4 -525.936963
1363 38 647.039404
905 46 -533.532485
1553 1 844.166464
1748 97 904.072110
43 12 -740.212771
856 14 -231.874799
1084 30 -990.339120
822 52 -288.764986
1901 5 -102.484805
1796 21 231.389327
1177 76 298.815185
1686 6 125.996309
590 74 -744.757519
965 0 -2.967506
604 82 -898.762776
1338 42 -908.681467
170 56 914.149336
940 72 -879.620152
1442 76 525.410712
1873 79 82.015612
1729 35 -108.156182
91 79 387.164017
1086 60 424.462164
275 73 -378.146289
1130 15 -228.328108
1257 6 45.199969
487 78 879.975457
598 56 -292.822193
1513 56 -960.511598
1319 84 603.224502
526 99 481.324531
175 94 -758.027685
678 13 703.608745
975 34 360.701607
1290 37 -370.093534
1609 77 -256.892418
1642 15 154.624257
581 71 -215.091899
542 28 879.360363
989 26 -65.067895
508 33 184.558953
579 82 -289.880720
1113 23 -698.804691
1144 22 -424.564607
1808 49 553.847090
1276 18 -556.961391
895 75 -182.611691
1266 36 20.601697
1706 44 -612.329743
1751 89 -833.073654
350 71 -888.389624
845 38 326.806143
355 15 455.723207
867 28 -461.921646
802 62 -240.715962
173 47 -327.741625
261 18 474.359587
1014 41 -124.037441
1737 35 -928.186002
1749 4 -851.170232
708 73 840.556639
1252 95 -206.770178
364 59 353.377262
1025 72 -47.245668
1280 64 -465.008462
1068 20 -686.876800
216 28 593.138577
177 17 -424.493108
1878 89 10.374686
1595 61 -370.197225
1254 66 -302.149073
1689 53 -729.340933
1608 5 461.750515
372 45 -929.201873
196 72 62.434064
1396 43 -976.484922
1572 90 209.297230
423 52 204.262998
280 44 357.715703
841 2 953.838695
1531 92 -152.427496
157 95 -48.808752
97 15 957.913772
323 62 71.774195
1669 24 -70.364000
527 7 246.318711
1630 7 789.946854
994 28 387.250351
1879 14 452.469323
897 7 379.318838
1941 96 -74.769965
995 3 767.407161
962 68 -794.749598
1363 24 887.435927
1955 69 772.648135
702 49 -305.050743
1534 12 6.354280
1079 5 -607.340235
1619 35 98.881752
556 26 671.360113
1616 75 -690.866629
1542 93 978.349763
1821 1 133.336570
1962 51 -3.184047
1810 36 -585.367505
1346 81 -228.488102
1717 96 536.262364
1128 88 -113.259599
1088 54 128.512051
1663 42 -666.916212
1142 81 -120.285403
427 35 -499.050090
199 33 316.485768
541 4 -609.651352
578 14 850.537231
1054 37 -97.514526
479 0 -691.319793
581 24 -884.142013
1549 28 313.670669
1487 18 950.618929
101 33 -171.457526
1949 68 704.670768
1750 36 -35.287921
1833 61 -407.359563
839 81 608.118385
1558 3 630.382549
1292 9 866.049572
766 70 251.430899
3 34 468.830430
207 95 117.877314
899 7 198.907282
1491 40 246.705606
870 75 -277.914999
1398 69 932.115064
1506 55 265.502453
397 92 -204.250891
26 45 611.359575
1889 63 -404.915362
236 91 428.330705
804 35 -120.876904
55 64 295.426106
948 77 238.481713
1567 72 891.278278
1693 54 475.114582
1745 51 59.573938
1424 7 -364.291708
601 54 -605.762233
131 69 -524.500283
325 90 463.352706
1942 88 -660.411521
574 89 -230.948209
149 86 -648.041617
1050 63 397.627202
216 81 -586.020613
1939 98 149.835918
1146 5 417.343880
143 29 -142.554512
1801 17 -730.820074
332 23 488.201801
1825 33 -119.793726
934 25 301.528814
1253 73 -763.467646
1601 19 -49.977321
1536 51 317.755258
1619 14 -14.348839
1302 97 175.338217
965 76 -601.985079
65 8 -69.099006
1579 0 -872.214335
1094 11 -445.765515
1301 34 -570.149840
1337 64 872.860017
164 49 -562.985029
870 50 -317.296458
8 4 409.385944
947 51 98.304417
952 26 77.630974
379 85 528.798669
242 90 -609.812941
1830 26 359.223524
484 1 848.645223
902 89 -134.892580
1259 30 -538.435038
996 43 -593.627233
1354 63 -18.901801
366 25 176.523463
459 35 -138.519761
851 20 -927.381684
278 8 830.497100
791 90 -758.034757
753 5 82.112584
96 33 -676.083532
705 36 969.866851
1950 54 959.614601
475 99 981.094270
667 38 -920.221871
1247 21 -98.929722
1927 48 951.527970
290 78 -91.880703
786 79 320.581606
754 48 660.544806
1425 4 -295.323090
1989 74 -749.305263
359 96 -85.223878
193 39 109.801099
1037 8 -494.719158
463 65 -217.025208
1543 47 -226.233661
1909 48 817.994636
171 42 -58.843695
1776 59 913.977310
1578 35 781.932592
1400 16 114.021505
1802 8 -317.416965
1440 93 605.343290
787 9 15.892514
1370 57 562.319463
1791 25 264.661269
137 37 936.993801
571 29 -247.661388
644 88 192.818369
787 21 -667.019307
484 20 450.441789
194 18 -453.823824
1708 22 -953.781536
273 9 312.486361
212 45 -864.015187
16 39 132.109280
1989 9 521.397768
1604 5 -99.648166
369 43 414.330904
1933 19 -219.924366
769 81 371.955226
154 65 -149.501030
628 72 97.482496
904 11 -834.049452
1986 18 -755.957134
353 96 -954.715090
967 15 13.921904
878 6 -952.661871
1052 7 757.283683
2 1 943.123465
766 60 371.305303
1376 73 556.994249
781 43 -310.611273
1840 43 655.064652
1587 85 -212.888176
1213 86 903.692455
348 50 169.623124
99 31 -586.230916
1360 68 862.146331
949 59 -986.541791
1052 48 -859.724423
387 56 -937.969463
1553 60 -99.223784
638 20 -297.651480
720 93 601.295864
1972 90 879.303330
1325 56 -145.883931
1568 14 -722.100235
413 49 -16.083984
1388 97 -801.656429
441 4 -333.843297
785 19 -835.731235
1315 35 -470.445408
1580 34 -883.407214
450 64 -87.138469
311 39 -279.437147
506 84 -808.224651
110 67 -266.808011
931 82 -872.336801
506 46 -892.616204
1700 8 331.764611
770 59 42.833520
383 28 792.491069
637 21 430.651675
286 60 -17.790057
1912 30 -655.354995
821 24 807.303113
1661 0 454.559205
807 14 513.936295
1388 41 -951.356703
456 36 -955.073861
973 29 -866.179543
229 25 263.010794
1392 16 771.833567
544 29 -190.084801
1932 72 -744.917265
820 37 689.637605
705 71 -870.303126
1155 29 -420.291763
1542 46 -113.343378
839 50 -497.304225
199 35 -17.495495
1006 53 -262.600672
361 44 87.547678
13 52 -498.093637
334 65 -71.209056
1520 89 -694.016174
790 56 641.484388
1823 65 471.988757
1298 65 -287.602890
55 63 344.027727
1456 79 -731.124160
366 99 -706.642356
1245 38 -935.877669
1399 94 -761.241595
154 69 183.366043
1795 93 206.819793
1776 90 -608.470483
106 56 278.247302
949 45 -618.664322
1485 99 426.599294
1454 41 -24.100780
1892 73 127.173665
660 85 444.589650
1009 39 -664.199735
1510 97 149.897305
800 9 -580.378892
1218 81 -525.025375
334 59 -176.411647
758 46 924.817132
1807 12 224.879274
404 18 -851.626113
914 43 321.511022
339 50 978.869532
311 52 -861.150229
891 63 -926.893310
437 28 -493.220473
635 26 -84.257776
637 68 614.018645
1624 96 -627.764163
24 17 177.729747
143 8 -332.757431
142 1 -443.410776
768 20 800.179286
575 85 -117.000503
693 65 -934.958205
902 59 -882.482241
645 4 -330.066027
836 67 712.171121
584 6 764.589882
1920 19 -850.987888
94 0 -994.519183
1031 90 627.052961
335 80 300.328888
307 94 625.451193
1765 42 -481.818269
1765 0 163.911564
1858 73 404.024039
1412 94 -52.548556
738 75 -200.108215
983 16 440.872202
520 35 536.311925
1361 19 831.013596
1944 33 -795.561818
1015 29 -902.386397
186 66 538.028863
1080 12 -490.090374
1650 7 -147.885280
807 70 -493.490636
700 92 -263.939190
1780 34 248.793732
1633 60 -779.197640
1735 74 348.162626
1865 7 -470.766689
306 68 -59.682025
1429 77 773.496312
1737 54 -189.405709
1508 93 -490.203427
775 30 -318.161370
1025 58 -442.911426
1117 23 -968.942230
1861 73 -805.519886
1476 54 -944.028461
1764 89 160.918678
478 17 237.790662
744 83 -795.859290
1550 48 357.891028
1473 69 -600.668618
1749 37 -745.499431
1789 50 907.880692
762 99 -685.299696
791 60 -574.234836
1118 53 552.350525
869 38 91.297320
1323 50 510.355449
897 35 547.049849
277 70 552.019482
1216 78 368.341993
7 38 -748.497114
200 65 -614.045336
12 73 811.583548
1894 98 -485.843896
1899 93 382.779357
387 41 178.149821
1674 19 898.327246
1473 87 -90.105578
1713 28 706.169484
1653 20 117.310891
165 76 -497.617593
1770 92 -162.563391
1654 90 -28.272123
984 43 -891.257076
688 19 549.489784
423 40 5.814363
1696 53 785.077278
1758 85 713.343812
826 9 812.627148
164 75 -735.728894
899 25 467.080957
486 91 675.351709
563 38 -193.943408
366 10 -586.959423
1338 88 -666.366864
394 19 783.809990
258 44 -651.502151
1114 33 626.060656
341 81 -954.250199
1872 92 -940.028810
218 36 52.693110
1073 57 120.382661
1236 18 406.427383
1996 89 -212.972295
1404 85 352.622881
1010 1 -302.970475
459 1 -347.809866
202 39 634.781893
634 45 716.800124
501 36 914.430335
500 16 -600.680866
1915 23 -810.349479
668 19 -638.179687
1857 38 -770.779960
1638 5 -382.264829
1906 7 -837.407953
66 39 -631.234611
1910 66 -706.885503
590 5 927.582202
490 20 -358.206496
1578 12 352.580408
571 32 128.144479
1185 74 947.559675
1419 76 -271.160927
512 53 279.311421
252 67 -743.270132
201 50 394.798279
1006 42 -327.332655
273 83 -322.868010
1149 35 635.487619
352 76 -739.958223
243 49 -342.031211
1009 86 14.323573
1057 31 414.687783
246 68 -828.304316
460 94 248.246243
474 99 -787.142835
1663 13 -697.468511
744 41 685.782527
1183 78 255.634299
1334 62 -707.536811
1437 26 293.897510
1805 87 667.246980
727 61 -129.586617
757 30 -357.651053
431 32 -482.639510
1794 13 -145.813126
1582 2 -470.250527
1534 0 445.211198
823 45 -187.115424
81 89 -504.205982
1017 19 529.386512
1024 69 951.486472
719 57 -789.227702
174 2 130.993221
929 13 -795.354157
1241 45 139.573558
109 3 -926.433853
29 12 -912.641925
436 5 302.588601
1494 50 869.369532
526 34 -666.375917
1983 78 -759.565974
764 88 729.137776
2 68 935.256974
139 37 -150.154161
340 56 -187.986501
1684 17 -911.010450
268 64 -793.015900
987 63 711.561292
1696 87 325.898931
1476 4 150.129545
367 54 877.999727
1449 29 -920.974678
1784 27 97.403833
1092 39 454.409241
1675 85 -291.461012
1141 8 -17.199561
103 92 -728.630194
751 70 -593.458979
944 4 -880.763568
94 69 -982.151831
792 70 678.355694
59 99 68.813936
1807 68 -272.941148
415 30 -858.536920
765 27 11.062771
968 16 -340.922774
303 81 -485.514235
1664 54 500.111215
805 28 -954.137925
356 17 974.601142
1784 21 258.747707
1073 95 -147.657163
290 38 -575.732636
412 45 -444.390923
1889 7 -877.227690
53 22 570.989471
231 61 62.030227
897 64 -791.383067
1306 79 -516.191871
1983 9 755.998899
1281 14 239.328327
1632 51 456.636748
1563 5 825.938465
828 18 776.451149
1785 76 882.503945
1071 98 -150.989215
1983 79 -746.289156
260 22 -588.203100
1379 45 -755.989184
1042 71 -908.591720
1651 91 -846.711773
548 52 905.662275
1661 64 649.472989
1318 9 -106.335317
1277 63 -493.439150
99 61 -102.249767
1420 93 20.638849
204 89 291.788963
104 2 146.108690
286 3 322.469630
1967 67 -249.660607
1149 83 658.592021
1479 90 -302.422710
1719 75 -431.584072
554 8 250.415524
102 81 -848.672005
613 98 951.826070
976 56 -777.128570
1251 31 164.009603
921 90 824.908961
1297 86 165.329972
750 25 -761.852330
198 25 352.423555
1808 54 876.573661
1845 38 -980.762866
73 69 770.922238
286 12 -8.473914
1766 67 -969.570007
1342 24 -602.508101
334 88 -263.010333
615 61 831.018999
498 74 -756.348299
1659 9 -381.512871
390 57 286.163334
144 23 505.459658
1290 89 54.544758
1549 48 557.576523
765 99 -214.290089
145 36 82.136503
1056 89 -194.168946
1726 85 -325.236201
668 58 -268.492071
1406 51 159.668299
377 11 -379.472783
1217 77 546.969915
688 88 -332.229532
795 2 280.756781
636 62 139.538394
310 56 -450.250154
370 71 846.071840
1957 84 -440.293463
1194 39 -22.915734
1548 43 803.427574
674 56 -156.047780
739 63 448.438926
1418 25 420.121575
816 10 22.353796
1831 66 222.783698
1182 48 -807.644252
1951 28 705.756261
1164 95 -557.104739
569 3 279.897277
1589 88 7.000199
166 4 -143.048399
1038 72 -584.116886
813 54 -865.720388
1244 85 946.831916
46 6 -787.748043
1848 50 -382.243557
38 35 830.685081
1260 79 -477.392315
693 5 -36.081444
77 74 151.047335
348 6 -21.466830
296 79 -801.707728
625 25 881.322559
814 24 641.356774
393 84 -820.944468
409 14 -480.514392
1243 12 533.840632
1915 45 290.176958
1855 54 768.355467
1100 11 -253.049625
293 77 -287.431788
61 12 -273.589721
598 59 87.141136
1292 19 408.786609
65 94 673.640762
1634 14 16.723659
1069 28 -210.913171
1766 3 135.669142
1733 57 610.590600
916 2 -149.242413
347 58 841.662215
755 16 -763.967621
524 65 -873.290016
946 57 268.709478
762 44 436.544660
1908 48 -865.622633
260 77 -792.883539
1625 72 267.709945
913 84 525.589410
1713 57 -533.458063
610 57 82.092674
314 27 597.443718
1039 20 485.665331
1882 98 -614.646997
152 33 -662.226682
277 10 130.726367
749 3 -374.744158
372 97 -830.582943
971 3 -130.032752
972 60 245.289399
511 58 439.104413
709 78 -573.795987
1158 14 203.669391
781 37 375.955920
682 28 -945.440940
818 98 -977.844872
1724 25 -723.691188
1564 26 359.415317
984 42 465.897902
1298 24 -608.952322
9 0 -233.413438
394 19 -612.188505
290 8 -67.828381
602 81 773.456888
1230 37 -931.958181
642 5 -225.273639
226 1 -165.357237
804 83 -152.048903
665 51 -152.394882
1229 45 -288.386403
1594 25 -858.970992
57 44 -725.572120
916 3 896.692478
1206 76 -249.164262
146 76 575.558364
1571 13 -471.360975
297 75 -108.760511
1024 17 925.772540
661 98 -371.721690
1012 63 589.944804
1078 52 -505.083922
249 83 -799.465443
237 87 -984.291490
1886 47 -191.820408
356 17 387.388239
525 49 -605.576361
1788 52 -462.265793
1108 90 -370.134545
328 54 388.339929
308 39 181.306243
213 81 662.896090
436 79 -217.127562
1254 30 -813.045526
1587 37 517.493439
1109 32 -256.487537
720 76 -943.757411
679 23 -232.672003
1030 24 620.557163
966 30 -299.532037
952 15 760.909617
307 68 742.198718
1016 72 -153.618609
1268 16 -56.531214
709 53 543.309629
953 88 -748.333471
1576 97 -419.242171
1848 53 -367.534610
878 61 -199.452431
814 37 780.156099
292 21 -218.684537
751 72 -649.517404
1773 80 943.558713
1832 90 -550.248183
1793 41 -855.712873
79 72 -111.810080
29 46 -208.671391
835 33 152.415905
864 58 862.024038
1128 80 -14.651503
1809 76 -225.665397
257 66 481.151084
149 0 -330.509603
735 1 130.652129
91 14 828.230822
1310 53 764.099906
119 16 41.856771
47 13 -303.308559
1431 10 971.856220
1886 98 967.842109
910 33 -981.645707
1195 35 -413.641525
1417 62 975.413522
1084 4 -983.796108
1359 24 -721.313118
164 6 572.786268
1565 60 741.036765
1494 47 -57.827560
1251 1 807.659045
19 37 117.267648
1425 95 879.335685
1598 62 226.437263
585 78 -324.593310
1615 90 -197.243890
328 17 561.683062
1655 6 381.685921
848 38 -821.018034
1903 30 729.489402
1522 41 176.596621
1962 82 920.478621
9 64 -637.817086
77 71 -331.502618
1453 8 -374.804366
680 6 676.311807
143 79 403.406889
1592 46 -924.019136
821 52 -308.584261
29 90 -70.207868
1198 11 -386.618523
988 86 -352.791474
617 86 452.711373
1470 17 -847.661215
1114 43 -649.292378
1959 66 723.655447
362 48 53.982117
995 20 -138.426855
770 3 954.951169
787 35 589.089793
441 19 98.683071
1083 45 -209.854959
1893 78 262.828220
803 55 985.303175
1773 87 -526.228621
1192 9 -749.923950
1028 56 -457.710618
62 0 204.342821
1887 52 809.030809
929 13 82.082811
475 16 841.349254
1600 41 844.945701
258 50 623.124345
1048 33 -363.416220
1204 33 -486.921853
147 70 436.467872
1141 83 553.565174
1525 29 -412.158525
146 74 794.312014
644 43 -732.725627
860 44 755.017101
1135 72 -744.065975
1185 36 -514.211683
1508 88 609.402899
1244 52 -297.535121
1600 26 -36.333172
1520 45 30.539903
1233 5 -847.619836
0 69 -360.992156
1861 64 904.299180
1513 59 986.961886
1595 91 108.431773
132 16 -748.111164
1595 60 -835.771600
497 40 -743.720937
1927 81 198.378636
945 2 -763.094121
1796 9 -142.740938
86 13 795.267803
1184 5 658.624319
1025 96 -608.952436
1204 63 -609.847534
1246 67 -629.725431
44 25 77.636836
1932 68 546.477467
448 58 -903.534180
137 20 14.079710
420 89 316.379420
40 67 377.567298
1459 74 -59.537686
1399 28 947.245353
536 11 601.865550
70 59 761.356278
1793 0 -3.611110
373 43 234.445679
1420 95 748.901057
76 1 993.556304
1516 96 -866.641436
1986 32 879.515769
1012 48 -517.146276
554 93 967.119309
997 98 494.286199
266 87 -8.643260
1134 41 400.133911
322 61 394.119414
1348 78 -582.950693
388 36 106.751126
1545 19 -359.915198
1238 59 -821.612326
100 11 -238.004681
1508 5 222.626977
1977 94 196.037250
1426 43 -754.636809
160 82 -42.027826
1608 71 -404.854320
398 71 992.784510
695 87 -920.769720
634 2 574.971494
347 82 264.669843
697 27 -753.633347
1694 42 -492.515617
350 81 -77.596171
478 11 605.687648
1001 66 -848.871443
600 29 147.821434
534 8 231.760783
1487 3 99.429681
1317 86 208.889515
1671 14 645.034929
1533 23 -497.742123
1379 91 -930.568336
1502 88 -108.109439
240 57 -400.042175
1380 64 -839.066074
524 13 292.960226
537 59 -346.109325
1031 19 -324.010103
907 81 -554.980878
1615 46 678.190666
356 10 951.533508
732 80 -605.715959
624 73 364.648197
1251 34 526.060249
1604 98 -175.500905
1099 59 147.430261
1128 46 922.974361
1458 46 286.309516
1700 63 -796.157160
22 99 -792.718651
74 74 -427.034066
151 52 -479.069556
1192 63 -855.393265
1590 88 -830.119695
77 21 148.898705
443 28 664.689923
1315 34 633.283895
1254 22 -402.462639
512 45 -630.576484
207 77 -374.805033
47 81 740.917635
433 28 -716.516554
1592 1 300.466844
1173 81 542.201513
1152 0 342.404585
240 72 -322.037205
232 17 491.795878
909 50 -737.094527
980 52 358.691591
696 48 -99.102618
994 68 -136.821647
124 55 835.341108
1853 89 -125.399205
1254 17 152.548723
1376 28 -624.914235
972 94 842.498899
583 39 777.579805
174 75 73.926631
1610 85 -170.911800
1739 94 357.208641
1750 29 -723.392119
485 44 -685.782567
1270 12 -609.179262
1169 8 -245.294657
1623 24 -965.437297
786 74 643.755651
1727 24 527.720005
941 92 -819.001645
914 73 111.342149
1281 84 -979.346928
543 57 -857.929863
429 20 607.501979
1306 2 786.272511
1434 89 -833.816088
899 34 761.682964
1160 63 910.553135
783 50 -114.226768
181 66 671.346532
378 14 289.776273
1162 83 218.632196
1154 24 548.739452
1037 58 424.875181
723 46 679.095018
519 73 20.992691
1711 34 -81.520132
1839 36 -238.057918
1019 44 370.720574
207 36 751.048870
506 4 -513.930018
1409 29 -750.175002
1044 25 110.525519
1159 41 526.400920
1336 3 648.175387
1722 86 456.778032
740 75 827.869954
408 80 -790.525411
236 92 -851.255581
85 20 -489.631797
146 95 -930.700654
1574 0 -4.649353
1800 52 -194.857917
739 37 -385.314505
1063 37 707.548527
203 18 595.388322
978 65 683.431651
20 48 478.799008
1667 61 -835.063485
478 95 357.035007
980 11 694.993420
956 15 -148.441015
1680 97 -395.722921
1893 16 108.944427
1907 2 391.882256
1389 96 90.477468
1261 11 136.121507
1372 92 11.541313
1008 51 692.854152
152 27 234.170935
113 87 133.043872
1955 96 916.692414
974 81 846.009672
22 40 -27.038212
1013 90 242.994245
21 48 982.106750
1847 65 468.600679
1812 33 417.698391
1092 31 -869.957427
182 49 754.785187
801 53 261.803075
260 97 -394.233041
1303 44 -862.227968
854 10 720.167571
1887 50 -372.538887
774 3 515.770338
324 37 -216.149211
1324 25 841.311567
1402 98 -0.460232
20 64 -5.962357
1647 68 161.014612
1279 4 -651.173003
1263 31 964.124009
1144 5 763.870841
1593 93 -534.830588
1828 28 -995.880915
1811 35 211.559956
982 35 225.908673
1110 78 -645.804999
1817 19 -569.395580
1496 0 -837.519556
759 90 -59.507167
1181 55 -946.158697
1869 47 -560.264079
554 45 589.063249
553 67 -906.605484
1341 82 -496.001419
1162 5 819.227609
813 68 -759.669007
975 0 -918.207951
798 18 15.859129
1346 10 386.666403
591 27 242.890028
20 45 -565.418508
1471 84 848.329921
1147 53 333.806972
1351 11 -164.607635
990 91 993.698732
673 90 -650.942675
554 30 -35.764993
1657 10 455.221152
1108 11 985.414567
1512 44 -242.324583
1826 0 975.153911
1012 40 -21.236159
793 63 479.968031
956 59 -35.766835
373 83 690.641530
1134 69 -40.431949
519 20 -238.310118
201 82 -551.780613
796 7 -329.157497
1361 75 22.372843
668 60 126.253798
799 45 -756.096040
1060 85 435.602970
410 67 -790.338330
1501 85 -888.475867
244 3 -817.597269
1513 38 -634.541924
1794 24 808.054922
1079 51 784.672048
1744 44 -445.772286
26 11 965.209550
1819 38 -130.011708
922 29 901.115802
952 22 237.395285
1208 60 -889.755277
1729 27 -418.150695
863 61 817.509932
1317 83 100.497053
633 48 -972.862735
1210 5 -211.159766
1251 62 286.695217
1737 67 14.423936
1220 31 550.452992
685 70 285.696433
232 25 -544.221388
136 1 9.802022
963 25 170.826089
1763 12 -66.056822
325 45 144.261201
948 11 594.414630
600 64 643.490480
1032 48 29.698718
402 62 816.457468
1209 78 -364.799493
242 86 -551.734126
112 42 569.724971
1625 68 382.519382
672 7 835.244748
1064 31 405.141776
865 68 28.472371
1974 40 542.168034
1917 57 109.786471
992 17 -85.529653
382 15 -606.744175
847 58 886.553522
82 38 789.305751
1464 10 779.558984
809 72 -498.540757
254 5 -407.046400
1879 37 63.237666
714 12 163.165833
1638 92 -733.089760
1584 62 744.149232
695 52 555.210410
321 80 -954.467196
1790 1 424.595959
1978 79 294.890742
675 17 157.511914
83 34 798.949662
453 88 -189.121019
1335 47 -716.447369
120 9 -628.452783
1408 22 420.267446
1779 43 -76.378382
391 72 -242.464253
1482 19 720.526941
1618 47 -660.112577
1133 79 473.950253
253 58 -473.314799
1234 21 498.284026
964 1 222.563349
1242 57 281.185031
1640 79 -850.973904
973 13 786.096058
609 43 525.501015
774 12 -987.677462
1250 57 509.250242
1347 56 -913.923567
1304 90 557.992699
61 36 -755.091138
1060 66 -552.465271
870 35 -841.830020
1977 83 -396.339861
1505 17 -57.438268
405 55 -643.036797
193 50 -833.117607
1206 72 256.296122
1979 38 -287.867020
3 80 52.267558
1555 61 -535.404465
1049 32 469.906735
1510 79 -249.969467
1610 19 -786.253308
1866 86 -491.920781
1802 69 -676.397260
1579 83 923.615013
449 0 450.260738
1293 12 -922.908599
1382 70 -518.862148
1336 54 -5.269538
1532 68 263.673519
601 27 -733.796378
741 86 -926.968922
261 73 783.516580
29 15 540.370099
984 18 686.858245
1602 74 -274.301801
919 84 -928.617973
157 39 364.118505
256 28 -893.672135
43 27 636.549372
324 77 -893.005443
1294 92 -559.287343
327 62 -223.835541
76 72 -771.169454
245 29 -962.964843
1345 51 -89.062184
613 68 -899.312591
899 16 163.290443
39 24 912.560991
785 18 748.871632
380 2 352.594904
1235 54 407.258268
778 77 -839.532258
444 44 622.515765
1007 44 -992.811498
1641 41 -564.747611
1868 27 -639.650793
471 63 309.913629
544 58 -26.791123
900 64 -165.752963
917 25 539.549006
249 75 107.863190
571 58 -486.975681
1839 64 101.455936
573 17 263.795629
808 17 333.089534
1544 33 -69.873206
670 80 -578.072390
1060 37 160.074293
1072 5 -335.268725
733 7 -111.833091
574 88 -558.740016
812 74 -62.715475
829 20 464.667680
212 59 -681.959279
1410 95 -34.394934
106 97 605.754893
1881 86 -622.010062
1965 5 805.390146
971 52 -872.674341
1983 70 773.453936
1600 17 -208.156777
1351 50 663.573382
1715 92 -615.054108
1804 88 -154.201083
933 97 -472.133854
1719 96 451.559054
1174 50 786.768452
9 61 782.505818
286 44 119.883223
1497 64 -493.823997
311 80 585.366514
239 84 227.141637
1923 80 743.777909
945 15 419.354072
1494 14 534.029842
291 27 894.544700
1837 89 126.412960
49 0 -883.025840
288 77 -482.336630
933 48 507.059638
679 57 773.158542
212 80 -917.641618
510 9 -901.379411
408 85 -757.718820
597 66 -760.090763
1779 99 281.443863
1544 56 -159.125874
1622 47 -898.370008
1620 82 -796.345842
1807 25 -682.704808
1541 34 -295.990139
1319 66 -417.484464
1942 2 -905.903496
885 93 -34.886901
518 85 -506.715320
289 87 -292.459489
1970 14 290.683608
192 58 231.132272
1635 94 43.978437
1467 76 545.294554
1957 4 699.876102
1257 86 385.677765
421 86 -753.006127
23 19 -144.259504
1846 45 301.568892
18 12 895.811147
1854 46 -79.418994
1976 9 701.639183
666 17 -140.182334
333 4 10.258980
1002 55 882.978676
1880 72 50.447788
778 28 -782.208197
1709 79 -673.867933
1198 47 513.920271
862 65 -580.159457
768 8 -392.276752
1318 41 328.470183
601 27 -307.791400
1856 92 182.435276
1792 60 -884.962241
1693 52 -444.864709
1451 44 802.864319
294 75 -267.965154
1858 55 -629.126490
1492 34 911.706250
246 22 390.651794
450 52 -966.019213
1537 27 106.040650
960 92 876.190810
1996 38 958.319399
540 11 12.617492
1934 10 -610.829284
770 6 899.163729
1728 4 -19.287111
1129 70 890.836358
114 96 99.881469
881 71 467.536431
1828 82 -621.535314
973 46 871.835385
409 89 717.200687
1698 88 -946.586055
162 80 907.318897
173 10 -786.524880
1225 76 471.397795
1682 10 -159.557013
1863 36 -224.545577
891 60 -583.937232
48 2 920.423131
667 32 -766.194563
1141 89 204.696334
634 90 -694.635499
1728 28 -554.205746
717 21 446.294301
925 29 331.848062
1714 69 -63.057441
1579 56 22.774836
1477 3 176.497049
1264 56 719.982156
1746 23 -109.161569
1035 35 -906.128547
501 16 458.790463
479 37 337.047852
962 40 -327.166900
322 76 907.673618
709 8 316.764910
531 22 224.828722
930 64 -462.563084
1938 79 -479.632585
1376 70 -142.792952
1518 51 888.357866
499 81 -750.435856
7 94 -449.822840
1191 5 450.730850
696 77 -400.474468
476 69 -546.067008
1251 83 987.868355
175 12 737.644852
1013 8 -51.959567
778 9 -122.489987
1433 19 -888.539970
1431 53 -149.854960
873 22 161.636004
1609 74 520.342898
1764 36 827.854681
1662 80 -357.988350
1369 45 346.367781
1429 52 -852.347674
825 71 873.878125
574 25 782.800786
104 48 513.926591
1201 10 128.872448
1187 32 885.077336
745 75 -909.665788
570 11 -157.132824
1947 40 301.569446
1453 34 -322.925944
1566 27 -278.522661
960 52 -547.448766
1296 81 754.929161
1115 82 -781.240204
407 97 190.579694
158 49 229.526314
1271 0 -783.577253
1592 46 388.097732
1239 81 -45.651147
837 87 961.488297
687 65 -372.731832
1072 38 -982.992409
1854 52 -245.298459
1077 47 561.859208
430 29 43.515492
570 51 -662.990490
318 50 146.744333
151 64 -15.281989
1469 39 -938.795672
1115 30 -728.982694
445 21 267.184987
1055 41 4.810786
609 92 576.268989
1919 77 825.308464
272 40 -134.782884
512 83 -205.728557
159 58 -34.418227
260 48 -75.648035
974 6 130.945518
750 83 -370.249298
1975 77 231.724347
315 47 544.355935
1819 70 650.023734
1909 70 744.084768
614 42 -138.589072
1068 46 -883.717696
719 21 -469.232821
1859 97 869.551719
627 55 -910.444428
1560 95 -393.536889
1788 83 271.481184
1867 45 -856.946039
300 99 -878.742847
177 82 -318.210462
106 90 317.635037
1497 36 -571.446677
1241 12 -100.008076
1928 61 -12.767330
956 45 -453.231607
757 49 144.514526
